679661098961862656
679661137695997983
679661262829125662
679662134308896814
679667599092482075
679678041341165613
679681903778988042
679693899446353930
679713457427316822
679713488955768910
679713587589152807
679714229053554688
679714266378403881
679714920996274225
679716295171899444
679731407639150595
679750048409452659
679960765863559209
679962013627449398
679962117503582238
679979423340036113
679989720440373259
679989875189350433
679989999210463257
680055894540812309
680083907256909854
680088847702294532
680093827989897311
680097846367617043
680103873071153168
680105526113337462
680105627426750533
680125880634572866
